//Leadwerks Material File

blendmode=0
castshadows=1
zsort=0
cullbackfaces=1
depthtest=1
depthmask=1
diffuse=0.800000012,0.800000012,0.800000012,1.00000000
specular=0.000000000,0.000000000,0.000000000,1.00000000
alwaysuseshader=0
mappingscale=1.00000000,1.00000000,1.00000000
drawmode=-1

shader="Shaders/Model/diffuse.shader"
shader1="Shaders/Model/Shadow/shadow.shader"
texture0="./barrel.tex"
