//Leadwerks Material File

blendmode=0
castshadows=1
zsort=0
cullbackfaces=1
depthtest=1
depthmask=1
diffuse=1.00000000,1.00000000,1.00000000,1.00000000
specular=0.501960814,0.501960814,0.501960814,0.501960814
alwaysuseshader=0
mappingscale=1.00000000,1.00000000,1.00000000
drawmode=-1

shader="shaders/model/animated/diffuse+normal+specular.shader"
texture0="./weapons_fps_arms.tex"
texture1="./weapons_fps_arms_nmap.tex"
texture2="./weapons_fps_arms_spec.tex"
