//Leadwerks Material File

blendmode=0
castshadows=1
zsort=0
cullbackfaces=1
depthtest=1
pickmode=1
depthmask=1
diffuse=0.800000012,0.800000012,0.800000012,1.00000000
specular=0.501960814,0.501960814,0.501960814,0.501960814
alwaysuseshader=0
roughness=0.50000000000000000
mappingscale=1.00000000,1.00000000,1.00000000
drawmode=-1

shader="Shaders/Model/diffuse+normal.shader"
texture0="./material_1.tex"
texture1="./material_1_dot3.tex"
